AAAAA537,
00000013,
00000013,
00000013,
BBBBB5B7,
00000013,
00000013,
00000013,
00300093,
00000013,
00000013,
00000013,
3FF04113,
00000013,
00000013,
00000013,
3FE06193,
00000013,
00000013,
00000013,
01F17213,
00000013,
00000013,
00000013,
00209293,
00000013,
00000013,
00000013,
00455313,
00000013,
00000013,
00000013,
40455393,
00000013,
00000013,
00000013,
FFF02413,
00000013,
00000013,
00000013,
FFF03493,
00000013,
00000013,
00000013,
000080B3,
00000013,
00000013,
00000013,
401100B3,
00000013,
00000013,
00000013,
00A14133,
00000013,
00000013,
00000013,
00B1E1B3,
00000013,
00000013,
00000013,
00327233,
00000013,
00000013,
00000013,
009292B3,
00000013,
00000013,
00000013,
0095D333,
00000013,
00000013,
00000013,
4095D3B3,
00000013,
00000013,
00000013,
0020A433,
00000013,
00000013,
00000013,
0020B4B3,
00000013,
00000013,
00000013,
00342423,
00000013,
00000013,
00000013,
00241523,
00000013,
00000013,
00000013,
001405A3,
00000013,
00000013,
00000013,
00842083,
00000013,
00000013,
00000013,
00841103,
00000013,
00000013,
00000013,
00845183,
00000013,
00000013,
00000013,
00840203,
00000013,
00000013,
00000013,
00844283,
00000013,
00000013,
00000013,
0A208863,
00000013,
00000013,
00000013,
0A319063,
00000013,
00000013,
00000013,
0821C863,
00000013,
00000013,
00000013,
08325063,
00000013,
00000013,
00000013,
06526863,
00000013,
00000013,
00000013,
020000EF,
00000013,
00000013,
00000013,
06C0006F,
00000013,
00000013,
00000013,
CCCCC517,
00000013,
00000013,
00000013,
DDDDD597,
00000013,
00000013,
00000013,
02B57063,
00000013,
00000013,
00000013,
00008067,
00000013,
00000013,
00000013,
00000013,
00000013,
00000013,
FF5FF06F,
00000013,
00000013,
00000013,
EEEEE517,
00000013,
00000013,
00000013,
FFFFF597,
00000013,
00000013,
00000013;
